-3.669885e-003
-3.167397e-003
-2.960784e-003
-2.583260e-003
-2.784606e-003
-3.519753e-003
-4.163593e-003
-3.752121e-003
-3.226514e-003
-2.491366e-003
-2.486391e-003
-3.833186e-003
-5.142521e-003
-5.662275e-003
-4.750072e-003
-4.216271e-003
-3.167397e-003
-2.394790e-003
-1.216564e-003
-1.913959e-003
-3.815627e-003
-5.571260e-003
-5.717880e-003
-1.914544e-003
8.920103e-004
4.127304e-003
-1.429031e-003
-3.748609e-003
-4.207198e-003
-5.923030e-003
-7.606671e-003
-9.513021e-003
-8.945271e-003
-5.043897e-003
-5.772899e-003
-4.763241e-003
-4.804213e-003
-1.944103e-003
7.330990e-004
4.397424e-003
6.916884e-003
7.387180e-003
9.844305e-003
1.356570e-002
1.439040e-002
1.225402e-002
1.052063e-002
7.935614e-003
6.875327e-003
9.937077e-003
1.206145e-002
1.550834e-002
1.871085e-002
2.141703e-002
1.907930e-002
1.753877e-002
1.169856e-002
1.170237e-002
1.850453e-003
-1.505853e-002
-2.303482e-002
-1.764764e-002
-1.417500e-002
-7.324552e-003
-1.729002e-003
3.934152e-003
9.021947e-003
1.460930e-002
2.077260e-002
2.911998e-002
3.566461e-002
4.475445e-002
4.241614e-002
3.379747e-002
2.737488e-002
2.609891e-002
2.711325e-002
2.456511e-002
2.638161e-002
2.905326e-002
3.537078e-002
9.590867e-003
-4.315890e-002
-6.046940e-002
-5.821948e-002
-5.953613e-002
-5.315334e-002
-5.048228e-002
-5.128152e-002
-5.128796e-002
-5.281444e-002
-4.769855e-002
-3.940415e-002
-3.182206e-002
-2.287064e-002
-1.256365e-002
-4.828796e-004
1.052473e-002
2.298331e-002
3.406116e-002
4.677962e-002
5.736200e-002
7.059056e-002
7.987355e-002
8.884077e-002
9.364908e-002
1.000014e-001
8.257153e-002
6.802135e-002
-3.505325e-002
-6.943077e-002
-4.799970e-002
-5.459027e-002
-3.203657e-002
-2.202516e-002
-5.069650e-003
3.316651e-003
1.559438e-002
2.620017e-002
3.470002e-002
5.141117e-002
1.686391e-002
-7.698242e-002
-4.528445e-002
-5.059027e-002
-2.960666e-002
-1.693707e-002
6.937370e-003
-1.961340e-002
-5.795053e-002
-4.803423e-002
-4.931635e-002
-4.335410e-002
-3.603540e-002
-2.929616e-002
-2.198097e-002
-1.529324e-002
-7.920981e-003
-1.282118e-003
5.500438e-003
-2.764705e-003
-1.265496e-002
-2.452092e-002
-2.782674e-002
-2.095785e-002
-1.753848e-002
-9.772312e-003
-3.172665e-003
5.420543e-003
1.228329e-002
1.968393e-002
-2.829089e-003
-1.089142e-002
-1.165642e-003
3.187005e-004
1.007755e-002
1.653087e-002
2.584928e-002
3.305940e-002
3.988351e-002
6.409129e-003
7.046238e-003
1.998009e-002
2.016827e-002
3.856276e-002
3.958823e-002
5.969709e-002
-2.723295e-002
-3.826279e-002
-2.023646e-002
-1.598975e-002
2.102428e-003
1.974802e-002
-3.121626e-002
-4.355867e-002
-3.133567e-002
-3.401111e-002
-2.230523e-002
-1.636552e-002
-6.283288e-003
-3.673104e-003
-1.971466e-002
-9.484341e-003
-9.857475e-003
-3.198419e-003
5.083405e-004
8.761484e-003
1.428299e-002
1.778519e-002
6.508924e-003
-9.373717e-004
-7.164763e-003
2.254316e-003
6.169153e-003
1.662130e-002
2.416154e-002
3.529352e-002
4.326513e-002
5.082703e-002
1.233567e-002
8.507461e-004
7.586477e-003
8.566284e-003
-1.600234e-003
-4.288556e-003
4.183201e-003
6.035410e-003
1.460638e-002
1.887152e-002
2.801814e-002
3.300877e-002
4.234152e-002
4.768714e-002
5.691073e-002
5.432044e-002
5.805647e-002
5.176352e-002
3.659437e-002
-3.531284e-002
-1.584782e-002
-1.122622e-002
-9.114426e-003
-3.271758e-002
-4.860081e-002
-7.210563e-002
-5.926981e-002
-5.369094e-002
-3.854521e-002
-2.809862e-002
-9.520044e-003
4.508925e-003
2.388586e-002
3.861281e-002
5.320572e-002
-1.682762e-003
-4.942346e-003
8.336258e-003
1.308574e-002
2.877084e-002
4.167836e-002
5.421948e-002
7.186331e-002
4.931810e-002
-4.039215e-002
-2.923529e-002
-3.187795e-002
-2.653614e-002
-1.371261e-002
-3.657828e-002
-6.178371e-002
-4.732688e-002
-4.951564e-002
-3.821890e-002
-3.252677e-002
-2.262803e-002
-1.493210e-002
-1.591337e-002
-3.511793e-002
-3.539303e-002
-3.389903e-002
-3.350599e-002
-2.098653e-002
-1.596605e-002
1.870939e-003
-2.352355e-002
-4.783376e-002
-2.514105e-002
-2.813257e-002
-1.160257e-002
-4.287385e-003
9.345915e-003
1.896458e-002
2.562686e-002
1.381240e-002
5.785776e-003
-7.808017e-004
8.551359e-003
1.301668e-002
2.297746e-002
3.023499e-002
3.957037e-002
4.700116e-002
5.447087e-002
3.747555e-002
1.872695e-002
5.956393e-003
9.177932e-003
1.090693e-002
1.450365e-002
6.880303e-003
-2.458589e-003
-4.930640e-003
-3.297921e-003
-6.695638e-003
-7.247876e-003
-4.601111e-003
-2.004975e-003
4.311383e-003
1.110447e-002
1.694644e-002
7.474098e-003
-1.190518e-003
-1.252356e-002
-3.885571e-003
2.782557e-003
6.742462e-003
-3.777874e-003
-1.477319e-003
2.332747e-003
6.140473e-003
1.112496e-002
1.493005e-002
4.602867e-003
-9.496632e-004
-3.251389e-003
1.460345e-004
2.217442e-003
1.024583e-003
-2.768510e-003
-1.058823e-003
-4.618085e-004
1.126134e-003
2.494000e-003
-1.646766e-003
-8.887033e-003
-1.233450e-002
-7.146911e-003
-6.899325e-003
-5.177640e-003
-3.767046e-003
-5.326308e-004
5.939419e-003
-3.166812e-003
-2.675446e-003
-9.932687e-004
-3.113256e-003
-3.252267e-003
-2.897570e-003
-5.238512e-005
2.123207e-003
6.875913e-003
1.039215e-002
2.061896e-002
2.280479e-002
5.390400e-003
-7.707344e-003
-3.639156e-003
-1.237928e-003
4.647936e-003
1.418788e-003
-6.405325e-003
-1.365349e-002
-1.253877e-002
-6.316650e-003
-1.271290e-003
4.645594e-003
9.361718e-003
1.225753e-002
3.601696e-003
-4.690663e-003
-5.959612e-003
-2.411471e-003
-6.014631e-003
-4.005559e-003
-1.599063e-003
1.544337e-003
3.920982e-003
7.780215e-003
6.779922e-003
2.312554e-003
-2.426104e-004
5.848111e-003
1.271641e-002
1.441176e-002
5.602867e-003
2.690371e-003
-6.529117e-004
-6.169153e-004
1.525900e-003
2.712905e-003
7.448637e-003
1.077114e-002
1.537020e-002
1.584401e-002
1.243430e-002
1.163740e-002
1.637225e-002
2.212584e-002
1.069183e-002
1.202575e-002
2.860988e-003
-5.979805e-003
-7.287385e-003
-1.185835e-002
-1.209628e-002
-1.377612e-002
-1.267691e-002
-1.340035e-002
-1.660228e-003
5.195784e-003
-6.088673e-003
-1.439830e-002
-1.550892e-002
-1.058472e-002
-1.186567e-002
-9.002339e-003
-9.261923e-003
-7.761485e-003
-7.769094e-003
-7.882644e-003
-1.010506e-002
-9.041847e-003
-6.338599e-003
-2.288557e-003
2.548434e-003
8.218025e-003
9.079307e-003
1.047000e-002
9.983316e-003
1.048493e-002
8.386009e-003
8.918932e-003
3.274216e-003
6.272167e-003
3.975709e-003
1.123149e-002
-2.520075e-002
-3.946707e-002
-3.926865e-002
-3.961398e-002
-3.490137e-002
-3.049750e-002
-2.427567e-002
-1.905823e-002
-1.298858e-002
-7.543457e-003
-1.748609e-003
-2.665788e-003
-5.325723e-003
-4.303189e-003
2.472051e-003
4.767046e-003
1.453907e-003
7.734560e-003
1.703950e-002
2.537576e-002
3.511178e-002
4.958998e-002
3.252326e-002
-3.220309e-002
-1.072227e-002
-1.303394e-002
-6.901666e-003
-2.810184e-002
-1.918759e-002
-1.747058e-002
-1.962276e-002
-1.615393e-002
-7.901666e-004
1.107082e-002
3.137869e-002
4.884400e-002
2.772139e-002
1.194732e-002
1.952648e-002
3.876499e-003
-2.787532e-003
-1.523236e-002
-2.421070e-002
-3.370997e-002
-3.365671e-002
-2.350629e-002
-1.079133e-002
8.489901e-004
1.594673e-002
3.447468e-002
4.711471e-002
-7.907812e-003
9.836111e-004
-1.635060e-003
5.829674e-004
4.272167e-003
1.570354e-002
2.334562e-002
-6.012583e-003
-1.727246e-002
-4.950540e-003
-5.120865e-003
-8.246998e-004
2.161545e-003
1.119022e-002
1.659350e-002
2.204155e-002
2.343488e-002
1.732777e-002
8.908104e-003
6.681298e-004
1.867427e-003
-1.187064e-002
-1.319637e-002
-2.302604e-003
4.913080e-003
1.659877e-002
2.721392e-003
-1.621597e-003
1.297044e-003
-3.601111e-003
-8.241730e-003
-1.278460e-002
-1.029119e-002
-7.462392e-003
-3.256364e-003
6.003510e-003
1.518729e-002
2.498273e-002
3.347497e-002
2.145624e-002
6.921274e-003
-1.078402e-002
-7.928005e-003
-6.357915e-003
-2.554345e-002
-2.846941e-002
-1.724026e-002
-9.838745e-003
2.239683e-003
7.581502e-003
1.485396e-002
1.057038e-002
2.366403e-003
-1.647351e-003
-6.127010e-003
-9.273922e-003
-6.955515e-003
-1.100761e-002
-1.609862e-002
-2.113608e-002
-2.350863e-002
-1.529938e-002
-9.941174e-003
-3.365524e-004
1.905765e-003
-1.085162e-003
-1.483757e-004
-4.914544e-003
-1.198683e-002
-2.354696e-003
2.323090e-003
1.095785e-002
1.800058e-002
1.945741e-002
7.430200e-003
-1.671056e-003
-1.388352e-002
-1.041410e-002
-7.098330e-003
-1.408838e-003
3.696224e-003
1.109394e-002
7.050920e-003
-6.637985e-003
-1.251185e-002
-1.987562e-002
-1.934269e-002
-1.726221e-002
-1.501668e-002
-1.193766e-002
-9.045944e-003
-7.797189e-003
-1.583757e-002
-1.837781e-002
-2.656950e-002
-3.240912e-002
-2.578050e-002
-2.254492e-002
-1.702136e-002
-1.384782e-002
-9.738950e-003
-5.813578e-003
5.861866e-004
6.185834e-003
1.265174e-002
1.794498e-002
2.244658e-002
2.730582e-002
3.120426e-002
3.307052e-002
3.475182e-002
3.648667e-002
3.903306e-002
4.665202e-002
5.258617e-002
5.962627e-002
3.618319e-002
1.293269e-002
-4.106525e-003
-1.947995e-002
-1.625490e-002
-2.026807e-002
-2.878840e-002
-3.647702e-002
-3.451038e-002
-3.071524e-002
-2.692624e-002
-2.175885e-002
-2.368802e-002
-2.488820e-002
-2.517354e-002
-2.525255e-002
-2.554872e-002
-2.540825e-002
-2.588703e-002
-1.572110e-002
1.525314e-003
6.285044e-003
7.157446e-003
1.695990e-002
9.181443e-003
6.911324e-003
1.419110e-002
1.723061e-002
1.536113e-002
1.039654e-002
5.766460e-003
5.837283e-003
1.438835e-002
1.003980e-002
8.420542e-003
1.265642e-002
6.981854e-003
2.564822e-003
2.248756e-003
-4.333332e-003
-2.256657e-003
-5.604330e-004
2.196078e-003
1.298507e-003
-4.250804e-003
-9.240560e-003
-7.042726e-003
-8.279190e-004
5.311968e-003
1.247117e-002
1.284518e-002
1.497688e-002
1.363272e-002
1.403190e-002
5.651447e-003
6.502193e-003
8.010241e-003
1.151390e-002
1.476207e-002
1.688937e-002
1.720076e-002
2.404565e-002
2.331226e-002
2.776411e-002
1.009833e-002
1.318408e-003
-3.607550e-003
-1.016564e-002
-1.245829e-002
-1.216769e-002
-8.048579e-003
-7.907519e-003
2.165642e-003
1.253116e-002
-6.745974e-003
-1.131402e-002
-2.441030e-003
4.055896e-003
1.302136e-002
7.983609e-004
-2.039127e-002
-2.330640e-002
-7.333331e-003
-3.936493e-003
2.299970e-003
-3.379279e-003
-7.337136e-003
-9.755924e-003
-7.864499e-003
-8.808894e-003
-5.864792e-003
-1.960784e-003
-1.124963e-003
3.082820e-003
8.672810e-003
1.007755e-002
2.799268e-002
2.627158e-002
5.238512e-003
-1.060111e-002
-2.910096e-002
-2.362218e-002
-2.178694e-002
-1.578168e-002
-9.642959e-003
-3.755925e-003
9.180565e-004
4.343575e-003
1.485542e-002
-6.505705e-004
-1.432367e-002
-1.048171e-002
-2.023383e-002
-1.509657e-002
-1.086977e-002
2.584430e-003
1.849487e-002
2.460374e-002
3.733332e-002
4.063417e-002
3.491834e-002
2.197834e-002
6.576527e-003
-2.584430e-003
-6.646179e-003
2.177641e-003
5.302896e-003
1.593327e-002
1.168803e-002
1.316359e-003
-2.410301e-003
-5.415568e-003
-5.917470e-004
1.843722e-004
-3.410886e-003
-6.143106e-003
-8.855426e-003
-1.496927e-002
-2.126602e-002
-1.693181e-002
-7.792799e-003
-5.219197e-003
1.176470e-003
2.876499e-003
4.007901e-003
6.471172e-003
1.280275e-002
2.664032e-003
-1.603950e-002
-1.625051e-002
-7.125547e-003
-2.356745e-003
7.318991e-003
1.199766e-002
5.332747e-003
-7.922152e-004
-7.112670e-003
-4.263973e-004
7.227391e-003
1.411121e-002
2.291366e-002
1.818964e-002
9.675151e-003
-4.053262e-004
-5.693297e-003
-7.222123e-003
-6.195784e-003
-3.216563e-003
1.460052e-003
7.051505e-003
-9.932687e-004
-6.328064e-003
-1.379104e-002
-1.060872e-002
-5.693297e-003
-5.247292e-004
4.985659e-003
-2.329528e-003
1.565701e-004
6.730756e-003
1.093532e-002
1.759028e-002
1.511355e-002
1.263945e-002
1.005677e-002
1.478665e-002
1.911764e-002
1.998975e-002
5.034239e-003
-4.976294e-003
-1.542991e-002
-1.942142e-002
-1.133275e-002
-6.505412e-003
-9.543457e-004
3.469709e-003
-3.740415e-003
-1.025929e-002
-1.504828e-002
-9.815333e-003
-6.369621e-003
-3.479660e-004
4.146326e-003
2.049458e-003
-1.845478e-003
-3.517997e-003
-9.426980e-003
-1.013520e-002
-2.669885e-003
2.143400e-003
9.037165e-003
1.380743e-002
1.765027e-002
1.686976e-002
9.660811e-003
-2.140474e-003
-2.275182e-002
-1.780655e-002
-1.281621e-002
-6.112378e-003
9.002046e-004
1.024173e-002
8.575649e-003
3.544922e-003
9.889959e-003
9.281238e-003
7.441321e-003
6.037458e-003
5.808895e-003
5.083990e-003
6.052091e-004
-4.224757e-003
-1.002663e-002
-9.929760e-003
-4.237927e-003
-8.323088e-004
4.967807e-003
-2.823529e-003
-7.476439e-003
-8.150715e-003
-1.134533e-002
-7.068772e-003
-6.283873e-003
-5.327479e-003
-5.102720e-003
-1.108282e-003
-7.892886e-004
-5.403862e-003
-3.611939e-003
2.549897e-003
1.003863e-002
2.032923e-002
2.664325e-002
2.497014e-002
2.225168e-002
1.500497e-002
5.433127e-003
4.328357e-004
-5.567455e-003
-4.415275e-003
-2.132572e-003
6.180859e-004
3.762364e-003
6.299676e-003
6.935907e-004
-3.613695e-003
-9.613108e-003
-1.519812e-002
-2.073192e-002
-1.693181e-002
-1.351243e-002
-8.989755e-003
-4.229733e-003
-2.592917e-004
-5.277142e-003
-9.295871e-003
-1.361340e-002
-1.144542e-002
-1.010389e-002
-9.242023e-003
-1.274041e-002
-1.435616e-002
-1.389698e-002
-1.227977e-002
-1.055311e-002
-8.094525e-003
-7.537019e-003
-4.076674e-003
-1.990049e-003
1.483377e-002
2.114486e-002
2.568246e-002
2.287971e-002
2.238981e-002
1.283640e-002
2.329528e-003
3.705003e-004
-3.698272e-003
-4.430786e-004
8.700612e-004
3.052677e-003
3.040678e-003
5.651447e-003
5.989170e-003
2.168276e-003
-1.632133e-003
-2.115305e-003
2.042727e-003
3.091307e-003
4.300262e-003
-2.537313e-004
-4.650862e-003
-5.466782e-003
-2.089552e-004
4.539068e-003
3.082235e-003
-3.362598e-003
-8.837867e-003
-9.046530e-003
-2.769095e-003
-1.693298e-003
1.316944e-004
5.738951e-004
1.470295e-003
1.678665e-003
2.848404e-003
3.928884e-003
5.185249e-003
6.386887e-003
7.649691e-003
8.833185e-003
1.012145e-002
1.129792e-002
1.387533e-002
1.150278e-002
6.965172e-003
3.356160e-003
-2.314603e-003
-3.626865e-003
1.589113e-003
7.816796e-004
-7.306993e-003
-1.655721e-002
-1.842990e-002
-1.730582e-002
-1.209979e-002
-2.000292e-003
7.956100e-003
8.097159e-003
-6.224757e-004
-1.757389e-003
-3.215978e-003
-6.475562e-003
-1.218788e-002
-1.517588e-002
-6.507461e-003
8.756217e-004
2.310798e-003
4.054433e-003
5.004096e-003
7.415860e-003
9.440735e-003
1.143634e-002
4.812700e-003
-3.972782e-003
-9.456831e-003
-8.523849e-003
-8.398300e-003
-8.899617e-003
-9.912786e-003
-7.162129e-003
-2.235879e-003
3.648814e-003
1.099970e-002
1.176968e-002
7.183200e-003
4.558383e-003
-1.172666e-003
-4.477318e-003
-8.461514e-003
-9.248461e-003
-3.260169e-003
2.758852e-003
9.810065e-003
1.685221e-002
1.241557e-002
4.189346e-003
-2.036874e-004
-3.948199e-003
-7.892886e-003
-9.990340e-003
-1.044249e-002
-1.160257e-002
-1.177495e-002
-1.428797e-002
-1.403248e-002
-1.187298e-002
-1.190137e-002
-1.026631e-002
-5.473221e-003
-1.671349e-003
1.273924e-003
-5.528240e-004
-2.107111e-003
-4.951125e-003
-3.352062e-003
3.697980e-003
1.048697e-002
1.913023e-002
2.096692e-002
2.229997e-002
2.162130e-002
1.837810e-002
1.415364e-002
7.731341e-003
-1.295873e-003
-8.433419e-003
-1.124670e-002
-1.440386e-002
-1.253760e-002
-1.217530e-002
-8.083697e-003
-1.510096e-003
6.930346e-003
1.247029e-002
1.766461e-002
1.322768e-002
8.316357e-003
3.678665e-003
-1.579455e-003
-8.039799e-003
-1.236523e-002
-5.107403e-003
3.570382e-005
7.425225e-003
1.409160e-002
1.876792e-002
1.622212e-002
1.208604e-002
5.385424e-003
-1.412935e-003
-8.879717e-003
-1.555341e-002
-2.073251e-002
-2.715334e-002
-2.525694e-002
-1.846853e-002
-1.101170e-002
2.550190e-003
9.035702e-003
1.725051e-002
1.796137e-002
1.126573e-002
1.026017e-002
9.102719e-003
7.209246e-003
5.645301e-004
-5.806554e-003
-4.629791e-003
-4.348843e-004
2.892595e-003
8.374888e-003
1.193795e-002
1.647293e-002
1.553029e-002
9.186711e-003
4.817968e-003
-7.073454e-004
-5.539361e-003
-8.084868e-003
-1.084460e-002
-1.316944e-002
-1.563125e-002
-1.414076e-002
-1.107755e-002
-8.674566e-003
-5.740414e-003
-5.398594e-003
-4.645594e-003
-3.486683e-003
-1.562774e-003
6.789580e-005
1.712906e-003
-6.836404e-004
-3.276265e-003
-6.001754e-003
-9.410006e-003
-1.134621e-002
-9.986828e-003
-8.393033e-003
-9.606085e-003
-1.190459e-002
-1.426046e-002
-1.647556e-002
-1.883699e-002
-1.622768e-002
-1.306087e-002
-2.235879e-004
7.393033e-003
1.202517e-002
1.884518e-002
1.693649e-002
1.386245e-002
1.124788e-002
1.126924e-002
9.956392e-003
1.043722e-002
2.256365e-004
-7.446881e-003
-1.345449e-002
-1.376938e-002
-6.488438e-003
-1.905472e-003
4.786946e-003
1.038103e-002
1.473573e-002
1.084606e-002
8.198418e-003
4.623060e-003
1.203102e-003
-7.919225e-004
6.224757e-004
1.287972e-003
2.907228e-003
3.939712e-003
2.744805e-003
1.695932e-003
6.423762e-004
-9.025459e-004
-8.931809e-004
1.240854e-004
-7.407080e-004
-3.620426e-003
-6.888790e-003
-1.188001e-002
-1.551214e-002
-2.051243e-002
-9.445710e-003
-1.535264e-003
2.753877e-003
9.592330e-003
1.399385e-002
1.490313e-002
1.048054e-002
1.000175e-002
8.966342e-003
8.339770e-003
7.683931e-003
4.902545e-003
-1.375475e-004
-6.218611e-003
-1.069505e-002
-9.081941e-003
-8.704124e-003
-8.201051e-003
-6.940589e-003
-7.772313e-003
-9.013460e-003
-1.070295e-002
-1.043722e-002
-9.023410e-003
-5.643838e-003
5.665787e-004
5.729001e-003
4.668421e-003
3.771436e-003
4.088381e-003
3.223880e-003
3.150131e-003
2.693298e-003
2.613988e-003
5.487268e-004
-3.824114e-003
-7.220367e-003
-1.276909e-002
-1.263067e-002
-8.777288e-003
-5.619255e-003
-1.392449e-003
2.839917e-003
4.907227e-003
4.329528e-003
5.052969e-003
2.270997e-003
-1.699444e-003
-6.278313e-003
-6.839331e-003
1.759730e-003
7.667835e-003
7.861572e-003
2.452443e-003
-1.203102e-003
-6.630668e-003
-2.226514e-003
8.937662e-004
5.340063e-003
9.079307e-003
1.400878e-002
1.343517e-002
4.844307e-003
-1.697102e-003
-1.159848e-002
-1.299736e-002
-7.046823e-003
-2.952882e-003
6.339185e-003
7.635351e-003
3.552823e-003
2.268071e-004
-4.924201e-003
-1.118642e-002
-1.656482e-002
-2.286976e-002
-1.811003e-002
-7.503364e-003
1.285630e-003
1.334796e-002
2.292478e-002
3.229323e-002
2.788761e-002
1.432309e-002
3.570090e-003
-1.132689e-002
-2.476909e-002
-3.586947e-002
-2.528826e-002
-1.802692e-002
-6.674567e-003
4.398009e-003
1.396224e-002
9.462391e-003
7.251388e-003
2.780801e-003
6.641789e-003
9.885570e-003
1.478168e-002
1.738542e-002
1.517734e-002
1.615422e-002
1.742581e-002
1.805238e-002
1.736113e-002
1.362920e-002
4.610476e-003
-2.247878e-003
-6.742755e-003
-8.876790e-003
-9.622766e-003
-1.065847e-002
-1.435382e-002
-1.932513e-002
-2.114896e-002
-2.294117e-002
-2.476938e-002
-1.655253e-002
-6.128474e-003
3.758267e-003
1.116330e-002
1.428124e-002
1.061603e-002
7.303188e-003
4.617207e-003
1.101814e-002
1.739303e-002
1.843312e-002
1.083582e-002
6.354403e-003
1.160374e-003
6.669591e-004
-1.810359e-003
-8.374888e-003
-1.111004e-002
-1.338191e-002
-1.478255e-002
-2.273222e-002
-1.837020e-002
-5.525313e-003
5.524728e-003
1.489201e-002
2.177904e-002
2.190781e-002
1.645010e-002
1.332133e-002
1.537372e-002
1.858355e-002
2.139713e-002
2.490927e-002
2.713608e-002
2.853731e-002
2.719344e-002
2.382616e-002
7.719928e-003
-8.466489e-003
-2.636142e-002
-3.992448e-002
-2.513813e-002
-1.370734e-002
2.373134e-003
1.736962e-002
2.409159e-002
1.628182e-002
8.822942e-003
-3.298214e-004
-1.113257e-002
-1.016184e-002
-5.908690e-004
5.264851e-003
1.852882e-002
2.965203e-002
3.284752e-002
3.239595e-002
2.751067e-002
2.355721e-002
1.778489e-002
1.486011e-002
6.031312e-003
-5.876498e-003
-1.673953e-002
-2.986742e-002
-3.897716e-002
-3.586478e-002
-3.531284e-002
-2.943546e-002
-2.230757e-002
-1.603687e-002
-1.431928e-002
-1.185660e-002
-8.504827e-003
-5.141936e-003
-4.138717e-003
-2.858062e-003
-1.475270e-003
5.697979e-004
2.347965e-003
1.032192e-003
-8.384546e-004
-1.772314e-003
-1.008487e-003
-3.775240e-004
2.230026e-003
5.990048e-003
9.564235e-003
1.316681e-002
1.689698e-002
1.645976e-002
1.357916e-002
8.767338e-003
3.143107e-003
-1.100380e-004
-9.622473e-004
-2.034533e-003
-2.964588e-003
-5.875620e-003
-5.502779e-003
7.354403e-004
3.919226e-003
7.124376e-003
7.775825e-003
7.765289e-003
4.547263e-003
-5.516534e-004
-2.790751e-003
-6.326601e-003
-4.899911e-003
-3.526484e-003
-1.884694e-003
-3.764998e-003
-4.783727e-003
-5.636522e-003
-7.078137e-003
-6.906349e-003
-5.122328e-003
-3.616914e-003
-5.407081e-003
-7.756217e-003
-9.454490e-003
-9.844305e-003
-1.327421e-002
-1.258531e-002
-9.775532e-003
-6.232951e-003
-2.028972e-003
8.779629e-004
8.838160e-005
-2.714076e-003
-2.605209e-003
-4.402399e-003
-4.806262e-003
-6.958149e-003
-9.441906e-003
-1.233040e-002
-1.337869e-002
-1.160608e-002
-1.022710e-002
-7.565699e-003
-5.037458e-003
-5.736024e-004
4.576528e-003
8.310212e-003
1.059877e-002
1.036991e-002
7.872401e-003
2.954053e-003
-1.328358e-003
-3.665202e-003
-7.179103e-003
-6.690077e-003
-3.675738e-003
-1.999707e-003
5.332161e-004
2.725489e-003
5.858061e-003
8.381619e-003
1.067222e-002
9.098622e-003
5.285337e-003
7.108573e-004
-4.556920e-003
-9.332160e-003
-6.408251e-003
-3.439859e-003
4.410300e-004
4.464734e-003
8.716123e-003
7.108573e-003
3.978635e-003
2.975124e-003
7.067601e-004
-2.976294e-004
-6.707637e-004
-1.043020e-003
-1.407667e-003
-2.598770e-003
-4.541702e-003
-4.336844e-003
-2.220953e-003
-7.023703e-006
-5.964295e-004
-4.332162e-003
-6.587063e-003
-1.093415e-002
-1.067369e-002
-7.346501e-003
-4.788702e-003
-4.225928e-004
4.464441e-003
8.850159e-003
1.149341e-002
1.189025e-002
1.127948e-002
9.625693e-003
5.347965e-003
3.667251e-003
2.049751e-003
-1.638864e-005
-1.987123e-003
-3.794848e-003
-3.751828e-003
-3.359671e-003
-2.981269e-003
-2.452736e-003
-4.114134e-003
-5.988000e-003
-7.863036e-003
-1.024466e-002
-1.051741e-002
-8.703832e-003
-6.641204e-003
5.279484e-004
2.906935e-003
5.951125e-003
7.479951e-003
5.832600e-003
4.669299e-003
3.132572e-003
4.567456e-003
5.803042e-003
7.091599e-003
4.139010e-003
1.602575e-003
-1.927129e-003
-2.839039e-003
-7.506583e-004
4.615158e-004
2.937371e-003
2.754755e-003
1.146912e-003
8.486975e-006
-1.942932e-003
-2.903131e-003
-3.183201e-003
-3.354696e-003
-3.835820e-003
-4.915129e-003
-5.820601e-003
-3.057945e-003
-2.809481e-004
1.594673e-003
3.765290e-003
5.859817e-003
5.827332e-003
4.934444e-003
4.197833e-003
3.183786e-003
3.755047e-003
4.448931e-003
4.021363e-003
3.416739e-003
2.841673e-003
1.750365e-003
-8.118230e-004
-1.464149e-003
-2.468832e-003
-5.212758e-003
-9.384838e-003
-1.227977e-002
-1.517383e-002
-1.380275e-002
-1.154024e-002
-8.473220e-003
-3.218905e-003
1.475270e-003
3.857184e-003
4.600526e-003
5.189639e-003
5.707344e-003
7.470294e-003
9.688321e-003
9.611645e-003
7.379571e-003
5.072284e-003
1.323968e-003
-2.481708e-003
-5.553701e-003
-6.705881e-003
-8.896983e-003
-8.103890e-003
-6.634473e-003
-5.086039e-003
-3.543751e-003
-3.690371e-003
-3.776996e-003
-2.345917e-003
-7.535848e-004
1.132279e-003
1.894937e-003
1.611647e-003
1.473222e-003
1.858355e-003
3.697394e-003
5.245243e-003
7.111792e-003
8.990340e-003
8.713782e-003
7.343574e-003
6.320162e-003
4.764119e-003
5.609598e-003
6.844013e-003
8.256363e-003
8.806261e-003
5.730757e-003
3.110915e-003
-1.136377e-003
-4.772606e-003
-9.422005e-003
-9.794554e-003
-6.418787e-003
-4.337722e-003
-2.999707e-004
3.222124e-004
-1.560140e-003
-2.963125e-003
-3.694175e-003
-4.186712e-003
-3.764120e-003
-3.030143e-003
-2.083113e-003
-5.332161e-004
9.792213e-004
2.501024e-003
4.637107e-003
6.980098e-003
9.329819e-003
9.971903e-003
9.312845e-003
6.243487e-003
2.137254e-003
2.721685e-004
-4.363476e-004
-1.373134e-003
-2.194029e-003
-3.529996e-003
-4.561017e-003
-3.406789e-003
-1.628036e-003
-1.832016e-004
-7.901666e-005
-9.452734e-005
3.994731e-004
1.350014e-003
2.119402e-003
2.513315e-003
2.880304e-003
3.616329e-003
4.304067e-003
5.037166e-003
5.857768e-003
7.486682e-003
9.285921e-003
8.405324e-003
6.753583e-003
3.063213e-003
-2.136376e-005
-3.116768e-004
-1.051507e-003
-1.552238e-003
-2.439859e-003
-1.533801e-003
-2.066139e-004
1.086625e-003
2.817968e-003
4.542873e-003
5.997950e-003
4.194029e-003
2.150424e-003
6.254022e-004
-6.496925e-004
-2.050336e-003
-2.937664e-003
-2.201346e-003
-1.582967e-003
-8.378693e-004
-4.337137e-004
6.145740e-006
-3.102136e-005
-1.650570e-004
-3.160666e-004
-2.967515e-004
-8.165055e-005
3.160666e-005
4.582966e-004
1.542873e-003
2.518583e-003
3.695639e-003
4.506876e-003
3.834649e-003
2.998243e-003
1.634767e-003
1.820310e-004
-1.175592e-003
-2.853087e-003
-2.816212e-003
-1.334504e-003
-1.990049e-004
9.177639e-004
1.323090e-003
1.990049e-003
1.526777e-003
1.303482e-003
5.279484e-004
-4.887327e-005
-8.612816e-004
-8.299676e-004
-5.077552e-004
-1.887620e-004
-1.589113e-004
-4.884400e-004
-6.517411e-004
-1.059409e-003
-9.394203e-004
-2.139303e-004
4.158618e-004
1.214223e-003
1.895229e-003
1.836406e-003
1.533801e-003
1.676909e-004
-1.317530e-003
-2.213052e-003
-1.866549e-003
-1.911325e-003
-3.131108e-003
-4.699150e-003
-5.077552e-003
-3.428445e-003
-2.049458e-003
-1.053263e-003
-7.257827e-004
-5.853086e-005
1.314018e-004
1.068774e-003
2.399765e-003
3.354696e-003
2.055018e-003
1.127012e-003
-2.835820e-004
-7.298798e-004
-9.885862e-004
-1.197834e-003
-1.307579e-003
-1.898741e-003
-3.523265e-003
-3.428738e-003
-3.159496e-003
-2.861866e-003
-2.365525e-003
-2.234416e-003
-3.211588e-003
-4.031898e-003
-4.847526e-003
-4.217734e-003
-3.802165e-003
-3.257828e-003
-3.167690e-003
-2.852501e-003
-2.865671e-003
-1.837869e-003
-4.419080e-005
1.581796e-003
3.205735e-003
4.450979e-003
5.765290e-003
4.976001e-003
4.086332e-003
3.024875e-003
1.860696e-003
2.982147e-004
-1.947322e-003
-3.084284e-003
-3.556628e-003
-4.039800e-003
-4.851623e-003
-6.300262e-003
-7.865084e-003
-8.005851e-003
-6.357329e-003
-5.212758e-003
-3.397716e-003
-1.788996e-003
5.560432e-006
1.585016e-003
2.902838e-003
4.209539e-003
5.468246e-003
6.777288e-003
7.660519e-003
7.452734e-003
6.652618e-003
5.011120e-003
3.703540e-003
1.568334e-003
-1.380450e-003
-4.354989e-003
-6.154227e-003
-7.443955e-003
-7.366401e-003
-7.171494e-003
-6.624815e-003
-5.229440e-003
-3.986537e-003
-2.403862e-003
-4.050336e-004
1.282704e-003
2.611940e-003
2.842259e-003
2.919812e-003
2.938834e-003
3.040971e-003
3.975416e-003
3.555750e-003
2.914544e-003
2.110038e-003
5.449223e-004
-8.162128e-004
-2.422885e-003
-3.836698e-003
-5.570089e-003
-5.665495e-003
-4.072285e-003
-2.915715e-003
-1.273046e-003
-1.284752e-003
-1.177056e-003
-1.322212e-003
-1.435177e-003
-1.134035e-003
-6.230610e-004
-6.520338e-004
-4.594673e-004
-4.817090e-004
-3.511852e-004
-3.508925e-004
8.340648e-004
2.004389e-003
3.369329e-003
2.796897e-003
1.628914e-003
4.890253e-004
-8.981560e-004
-2.274802e-003
-2.699443e-003
-2.693883e-003
-2.778167e-003
-2.685981e-003
-2.511267e-003
-1.515071e-003
-6.368158e-004
4.211295e-004
1.124670e-003
9.938540e-004
9.967805e-004
8.399178e-004
1.165642e-003
1.580041e-003
1.971612e-003
2.498682e-003
2.545214e-003
2.256365e-003
2.057945e-003
1.791630e-003
2.182323e-003
2.535264e-003
2.976880e-003
3.256364e-003
2.641205e-003
2.203687e-003
1.550775e-003
1.816798e-003
2.320163e-003
2.830552e-003
3.453906e-003
3.938542e-003
3.067310e-003
2.266608e-003
1.299678e-003
3.386010e-004
-6.218904e-004
-1.239976e-003
-1.981855e-003
-2.555750e-003
-3.523850e-003
-4.665495e-003
-5.805969e-003
-6.817382e-003
-7.548725e-003
-7.911909e-003
-8.142813e-003
-8.395959e-003
-8.143691e-003
-7.913080e-003
-7.559261e-003
-7.332746e-003
-6.403276e-003
-5.050628e-003
-3.786947e-003
-3.195785e-003
-3.061457e-003
-2.789873e-003
-2.650863e-003
-2.106526e-003
-1.715540e-003
-1.167691e-003
-6.792506e-004
5.320455e-004
1.025461e-003
1.218320e-003
1.410886e-003
1.262803e-003
1.248171e-003
1.103014e-003
1.047995e-003
9.353231e-004
1.384255e-003
1.858062e-003
2.490488e-003
3.217149e-003
3.934737e-003
4.671641e-003
5.302018e-003
5.065261e-003
4.917178e-003
4.645302e-003
4.295580e-003
3.150716e-003
1.992976e-003
9.443954e-004
2.762657e-004
5.592624e-004
8.062626e-004
1.175300e-003
1.589406e-003
2.031899e-003
2.771729e-003
3.423470e-003
4.196663e-003
4.174421e-003
3.673397e-003
3.562773e-003
3.619548e-003
3.701784e-003
3.815919e-003
3.901374e-003
3.099502e-003
2.300555e-003
1.356160e-003
5.853086e-004
1.492537e-004
-3.107989e-004
-7.366109e-004
-3.096282e-004
5.417031e-004
1.247878e-003
2.210711e-003
3.022241e-003
3.891132e-003
2.952882e-003
1.815627e-003
5.291190e-004
-8.030434e-004
-2.334211e-003
-2.610184e-003
-1.589113e-003
-8.805968e-004
1.823236e-004
3.523558e-004
6.327186e-004
7.769972e-004
9.280068e-004
1.419081e-003
2.031606e-003
2.613988e-003
3.268071e-003
3.886156e-003
4.101257e-003
4.024289e-003
4.107403e-003
3.937664e-003
4.055018e-003
2.999121e-003
8.671347e-004
-9.417615e-004
-1.849575e-003
-2.493122e-003
-3.285922e-003
-4.607257e-003
-5.772021e-003
-5.512729e-003
-5.329527e-003
-4.984195e-003
-4.556042e-003
-4.155106e-003
-3.762071e-003
-3.645009e-003
-3.516241e-003
-3.406203e-003
-3.347965e-003
-3.109745e-003
-1.878548e-003
-6.095989e-004
6.818845e-005
-1.287679e-004
-1.235001e-004
-4.006437e-004
-5.689200e-004
-2.478782e-004
3.268949e-004
7.808017e-004
1.466491e-003
1.555458e-003
1.220076e-003
8.744510e-004
3.242610e-004
-1.357916e-004
-7.006144e-004
-5.765290e-004
-2.104184e-004
1.232075e-004
5.642375e-004
9.798066e-004
1.390693e-003
1.655545e-003
1.903131e-003
2.158325e-003
2.373134e-003
2.671641e-003
3.721099e-003
4.943224e-003
4.214515e-003
3.071992e-003
2.054433e-003
1.023412e-003
5.092185e-005
-9.303480e-004
-1.873280e-003
-2.779631e-003
-2.659350e-003
-2.442493e-003
-2.141059e-003
-1.484050e-003
-8.832307e-004
-1.074041e-004
9.727829e-004
1.522095e-003
1.284460e-003
1.173251e-003
8.715245e-004
5.978927e-004
2.911910e-004
2.019315e-005
-3.040678e-004
-4.047409e-004
4.975123e-005
4.568334e-004
8.700612e-004
6.599354e-004
4.682469e-004
4.796604e-004
7.752412e-004
9.493705e-004
1.302604e-003
1.345039e-003
6.090136e-004
-9.364938e-005
-8.764996e-004
-1.748024e-003
-2.559847e-003
-3.384547e-003
-3.134328e-003
-2.739537e-003
-2.286215e-003
-2.003804e-003
-1.854550e-003
-1.683055e-003
-1.474392e-003
-1.210711e-003
-9.546383e-004
-6.903715e-004
-4.146911e-004
-1.583260e-004
1.211589e-004
3.810359e-004
6.008193e-004
3.980098e-005
-5.314602e-004
-1.175885e-003
-1.866842e-003
-2.546678e-003
-3.216271e-003
-3.786069e-003
-4.411178e-003
-4.822358e-003
-5.103598e-003
-5.391278e-003
-5.672518e-003
-5.897862e-003
-6.219782e-003
-5.786946e-003
-5.050335e-003
-3.960783e-003
-1.901375e-003
-4.091307e-004
5.861866e-004
1.612233e-003
2.408252e-003
2.600819e-003
2.973368e-003
2.727831e-003
2.349429e-003
1.782850e-003
9.534677e-004
1.009657e-004
-7.009070e-004
-1.658472e-003
-1.331577e-003
-3.716710e-004
3.927421e-004
9.625400e-004
1.395961e-003
1.587650e-003
1.699444e-003
1.820895e-003
1.908691e-003
2.006731e-003
2.102428e-003
2.199882e-003
2.265144e-003
2.122622e-003
2.009072e-003
1.861867e-003
1.709394e-003
1.565701e-003
1.415569e-003
1.771729e-003
2.311969e-003
2.821480e-003
3.333040e-003
3.673982e-003
4.052677e-003
3.843722e-003
3.609305e-003
3.331284e-003
3.003804e-003
2.559262e-003
2.100673e-003
1.643254e-003
1.161545e-003
7.017850e-004
2.121744e-004
1.038923e-004
2.385133e-004
2.549019e-004
6.631546e-004
1.225636e-003
1.533216e-003
1.795727e-003
2.093649e-003
2.305823e-003
2.594673e-003
2.775826e-003
2.787532e-003
2.709101e-003
2.597892e-003
7.205149e-004
-6.731049e-006
-1.422300e-004
-5.932103e-004
-6.927127e-004
-9.721976e-004
-1.410301e-003
-1.884694e-003
-2.352648e-003
-2.853379e-003
-3.349428e-003
-3.736610e-003
-3.117354e-003
-2.603453e-003
-1.939127e-003
-1.269534e-003
-5.703832e-004
-3.175299e-004
-2.540239e-004
-1.466198e-004
-1.202809e-004
1.460345e-004
4.143985e-004
7.023703e-004
1.008779e-003
1.250219e-003
1.282118e-003
1.131987e-003
3.792800e-004
-2.417325e-004
-1.042727e-003
-1.379280e-003
-1.607550e-003
-1.806262e-003
-2.000877e-003
-2.135206e-003
-2.351477e-003
-2.196078e-003
-1.875329e-003
-8.340648e-004
1.501317e-004
1.352356e-003
1.886450e-003
1.755048e-003
1.762364e-003
1.570676e-003
1.436933e-003
1.273632e-003
1.144571e-003
8.393325e-004
6.731049e-006
-7.529995e-004
-1.510096e-003
-1.224173e-003
-1.081650e-003
-7.450978e-004
-4.407374e-004
-5.911617e-005
6.379864e-005
5.267777e-006
-3.833771e-005
-1.155984e-004
-2.165642e-004
-1.633011e-004
-3.160666e-005
9.218610e-005
1.916886e-004
-3.131401e-005
-2.153936e-004
-4.489317e-004
-6.944687e-004
-8.601110e-004
-8.103598e-004
-8.083112e-004
-7.468538e-004
-7.143691e-004
-6.277435e-004
-7.977756e-004
-1.287094e-003
-1.686859e-003
-2.226807e-003
-2.462686e-003
-2.404155e-003
-2.442200e-003
-2.186420e-003
-1.475270e-003
-8.334794e-004
-7.140765e-005
5.220953e-004
5.393619e-004
6.177932e-004
5.990634e-004
5.996487e-004
8.949368e-004
1.260462e-003
1.444249e-003
1.429909e-003
1.446883e-003
1.415276e-003
1.365232e-003
1.513901e-003
1.956101e-003
2.311969e-003
2.771729e-003
2.839917e-003
2.813578e-003
2.794556e-003
2.719636e-003
2.664617e-003
2.594966e-003
2.537898e-003
2.469417e-003
2.410593e-003
2.347087e-003
2.248463e-003
1.815335e-003
1.380158e-003
1.028973e-003
1.038923e-003
9.926834e-004
1.023119e-003
1.054141e-003
9.356158e-004
5.417031e-004
4.395668e-004
4.050336e-004
3.634766e-004
3.605501e-004
3.113842e-004
-6.145740e-006
-2.891424e-004
-6.011119e-004
-7.243194e-004
-8.586477e-004
-9.748315e-004
-1.081358e-003
-1.415862e-003
-1.844307e-003
-2.246414e-003
-2.701492e-003
-3.135791e-003
-3.574187e-003
-4.040971e-003
-4.191688e-003
-3.522680e-003
-3.024582e-003
-2.278314e-003
-1.966052e-003
-1.856892e-003
-1.707930e-003
-1.640913e-003
-1.553409e-003
-1.476734e-003
-1.393327e-003
-1.320749e-003
-1.238220e-003
-1.130231e-003
-9.151300e-004
-7.679249e-004
-3.227977e-004
3.037752e-004
9.025459e-004
1.339771e-003
1.398595e-003
1.574187e-003
1.600234e-003
1.828211e-003
2.470588e-003
2.948785e-003
2.461223e-003
2.067310e-003
1.550190e-003
9.771727e-004
8.226512e-004
8.387472e-004
8.320162e-004
7.755339e-004
3.426982e-004
-2.019315e-005
-2.996780e-004
-3.189932e-004
-4.805384e-004
-4.483464e-004
-9.151300e-004
-2.004389e-003
-2.887620e-003
-2.989464e-003
-3.076967e-003
-3.111208e-003
-2.888205e-003
-2.611940e-003
-2.321041e-003
-2.154521e-003
-2.096868e-003
-2.004682e-003
-1.964881e-003
-1.852794e-003
-1.172373e-003
-3.860110e-004
3.822065e-004
1.263096e-003
2.063798e-003
2.903716e-003
2.524436e-003
1.855721e-003
1.198419e-003
3.851331e-004
-4.047409e-004
-1.012584e-003
-1.096283e-003
-1.281826e-003
-1.338015e-003
-1.428446e-003
-1.482879e-003
-1.576821e-003
-1.630670e-003
-1.711735e-003
-1.354989e-003
-8.481122e-004
-3.822065e-004
2.004682e-004
4.863914e-004
5.586771e-004
7.202222e-004
7.407080e-004
1.036289e-003
1.470881e-003
1.871524e-003
2.334211e-003
2.741293e-003
2.849282e-003
2.979221e-003
3.070529e-003
3.153935e-003
3.210125e-003
3.046824e-003
2.886157e-003
2.706760e-003
2.508633e-003
2.323382e-003
2.100087e-003
1.852794e-003
1.608428e-003
1.359672e-003
1.100965e-003
9.142520e-004
7.767045e-004
6.207198e-004
4.899033e-004
3.465027e-004
2.112964e-004
8.955222e-005
2.370500e-004
3.851331e-004
5.692126e-004
6.532044e-004
2.505121e-004
-7.638277e-005
-5.115597e-004
-9.081063e-004
-1.378109e-003
-1.558677e-003
-1.398302e-003
-1.266608e-003
-1.098917e-003
-7.442199e-004
-2.587064e-004
2.101258e-004
4.910739e-004
6.482293e-004
1.015218e-003
1.787240e-003
2.422300e-003
3.265144e-003
3.135498e-003
2.550775e-003
2.074334e-003
1.389230e-003
7.778751e-004
1.132572e-004
-4.559554e-004
-7.099793e-004
-9.716123e-004
-1.333918e-003
-2.031021e-003
-2.472344e-003
-2.568041e-003
-2.707345e-003
-2.774655e-003
-2.837283e-003
-2.897570e-003
-2.965466e-003
-2.991220e-003
-2.872109e-003
-2.770558e-003
-2.640620e-003
-2.544922e-003
-2.614281e-003
-2.656423e-003
-2.733976e-003
-2.807725e-003
-2.843722e-003
-2.578577e-003
-2.367573e-003
-2.088088e-003
-1.999707e-003
-1.976294e-003
-1.946736e-003
-1.946736e-003
-1.936494e-003
-1.940883e-003
-1.860696e-003
-1.651741e-003
-1.467076e-003
-1.255487e-003
-1.004975e-003
-6.851037e-004
-3.743048e-004
-5.882351e-005
2.829967e-004
4.916592e-004
2.736318e-004
8.311382e-005
-1.498390e-004
-4.173250e-004
-2.063213e-004
1.638864e-004
4.594673e-004
3.915715e-004
3.450394e-004
2.429031e-004
1.360842e-004
8.194320e-006
7.023703e-005
2.619256e-004
4.003511e-004
6.300847e-004
6.356451e-004
3.008486e-004
1.082821e-005
-3.465027e-004
-7.026630e-004
-6.968099e-004
-5.458003e-004
-4.521509e-004
-5.302896e-004
-6.499852e-004
-7.755339e-004
-8.835233e-004
-7.559261e-004
-6.312553e-004
-6.391570e-004
-9.458587e-004
-1.211881e-003
-1.490781e-003
-1.352648e-003
-1.249634e-003
-1.098039e-003
-9.218610e-004
-7.626571e-004
-5.943809e-004
-5.618963e-004
-5.370206e-004
-4.512729e-004
3.763534e-004
1.194030e-003
1.966052e-003
2.057652e-003
2.230611e-003
2.279777e-003
2.339478e-003
2.364939e-003
2.445712e-003
2.274217e-003
1.799531e-003
1.400351e-003
9.060577e-004
8.577698e-004
8.887911e-004
9.362011e-004
1.022534e-003
1.086040e-003
6.991511e-004
2.191981e-004
-2.434884e-004
-8.159202e-004
-1.011121e-003
-6.286214e-004
-3.874743e-004
4.594673e-005
8.662567e-005
3.014339e-005
-3.365524e-005
-1.331577e-004
-2.352941e-004
-3.286508e-004
-4.266900e-004
-3.403570e-004
-2.323675e-004
-1.115013e-004
1.785191e-005
1.580333e-004
2.347087e-004
2.393912e-004
2.551945e-004
2.882645e-004
6.476440e-004
9.724902e-004
1.348258e-003
1.720222e-003
2.123500e-003
2.306409e-003
1.830260e-003
1.463857e-003
9.420542e-004
4.799531e-004
-1.053555e-004
2.341234e-006
8.928883e-004
1.514486e-003
2.556335e-003
2.402984e-003
9.224464e-004
-4.653203e-005
-1.814164e-003
-8.197247e-004
1.690079e-003
3.798945e-003
6.462978e-003
5.426103e-003
2.753584e-003
2.678079e-003
2.247292e-003
2.641790e-003
4.673689e-004
-2.448053e-003
-5.848989e-003
-4.314602e-003
-2.066139e-004
3.142229e-003
2.886157e-003
1.405033e-003
9.335672e-005
-2.029850e-003
-3.118524e-003
-4.372255e-004
2.037459e-003
4.036288e-003
1.960199e-003
5.911617e-004
1.036582e-003
2.646180e-003
2.528826e-003
1.538191e-003
7.140765e-004
4.779045e-004
3.822065e-004
-3.163593e-004
-9.982438e-004
-1.949078e-003
-1.576236e-003
-5.920396e-004
4.111793e-004
1.396839e-003
2.844307e-003
1.687445e-003
-1.402107e-003
-3.482001e-003
-2.766461e-003
-1.762657e-003
-7.009070e-004
9.323966e-004
1.105063e-003
4.012290e-004
-3.541117e-005
-1.969563e-004
1.732513e-004
2.952882e-004
6.927127e-004
3.930347e-004
1.103307e-004
-2.373426e-004
-8.001169e-004
-1.615744e-003
-2.440737e-003
-2.724612e-003
-1.768217e-003
-1.054726e-003
-4.916592e-005
9.783433e-004
1.095990e-003
-4.158618e-004
-1.302604e-003
-3.020485e-003
-2.248463e-003
-6.605208e-004
9.242023e-004
1.211003e-003
7.515362e-004
3.868890e-004
4.340063e-004
1.799531e-003
2.148668e-003
2.158033e-003
2.233830e-003
2.136962e-003
2.073456e-003
1.664325e-003
1.104185e-003
6.248169e-004
-5.882351e-005
-9.581502e-004
-1.856892e-003
-1.985659e-003
-1.500146e-003
-1.574480e-003
-1.578285e-003
-1.675739e-003
-9.479073e-004
1.726660e-005
9.648812e-004
2.061750e-003
2.803336e-003
2.482586e-003
2.359672e-003
1.999999e-003
2.187884e-003
2.272753e-003
2.485806e-003
1.799824e-003
1.100380e-003
2.194907e-004
-2.370500e-005
1.331577e-004
1.390108e-004
-2.999707e-004
-8.399178e-004
-1.348258e-003
-2.015803e-003
-1.892010e-003
-1.268656e-003
-7.998242e-004
-2.004682e-004
-6.798359e-004
-9.601988e-004
-1.486684e-003
-1.752999e-003
-1.645595e-003
-1.579163e-003
-1.445712e-003
-1.928007e-003
-2.666959e-003
-3.337722e-003
-4.089844e-003
-4.041849e-003
-4.076089e-003
-3.544336e-003
-2.813871e-003
-2.150716e-003
-1.319286e-003
-9.915128e-004
-1.209248e-003
-1.331577e-003
-1.587064e-003
-1.850453e-003
-2.069944e-003
-2.378109e-003
-2.077846e-003
-1.585308e-003
-1.003804e-003
-9.321039e-004
-6.010245e-004